26.29 26.27 26.23 26.27 26.27 26.27 26.27 26.29 26.29 26.29 26.25 26.25 26.19 26.19 26.17 26.22 26.25 26.27 26.27 26.17 26.17 26.17 26.10 26.07 26.13 26.13 26.09 26.09 26.11 26.16 26.19 26.41 26.41 26.41 26.41 26.43 26.48 26.51 26.61 26.61 26.59 26.59 26.69 26.74 26.77 
26.81 26.81 26.57 26.41 26.33 26.33 26.33 26.33 26.33 26.33 26.30 26.29 26.29 26.29 26.31 26.29 26.25 26.23 26.23 26.27 26.27 26.15 26.12 26.07 26.07 26.07 26.07 26.07 26.13 26.16 26.21 26.31 26.31 26.41 26.41 26.43 26.46 26.53 26.61 26.61 26.69 26.69 26.71 26.72 26.75 
26.81 26.81 26.51 26.44 26.29 26.27 26.27 26.33 26.33 26.35 26.33 26.29 26.33 26.33 26.21 26.21 26.23 26.22 26.21 26.17 26.17 26.05 26.05 26.07 26.10 26.11 26.09 26.09 26.15 26.15 26.21 26.33 26.39 26.45 26.45 26.51 26.51 26.59 26.63 26.65 26.67 26.67 26.69 26.69 26.77 
26.79 26.79 26.57 26.57 26.33 26.33 26.33 26.33 26.33 26.29 26.29 26.27 26.28 26.29 26.27 26.27 26.23 26.23 26.27 26.24 26.23 26.17 26.17 26.13 26.13 26.03 26.06 26.07 26.25 26.25 26.23 26.27 26.35 26.45 26.45 26.59 26.59 26.61 26.64 26.69 26.75 26.75 26.77 26.77 26.73 
26.79 26.79 26.35 26.35 26.35 26.35 26.35 26.29 26.29 26.27 26.27 26.27 26.26 26.23 26.31 26.31 26.33 26.33 26.25 26.24 26.23 26.19 26.19 26.09 26.09 26.09 26.11 26.15 26.15 26.15 26.29 26.29 26.41 26.49 26.53 26.49 26.49 26.55 26.55 26.69 26.72 26.73 26.73 26.73 26.79 
26.86 26.89 26.37 26.37 26.29 26.29 26.31 26.32 26.33 26.37 26.37 26.39 26.39 26.29 26.30 26.31 26.29 26.29 26.31 26.31 26.19 26.18 26.17 26.15 26.15 26.13 26.13 26.13 26.16 26.17 26.25 26.25 26.39 26.39 26.49 26.53 26.55 26.53 26.53 26.65 26.65 26.67 26.70 26.71 26.79 
26.81 26.85 26.54 26.39 26.31 26.31 26.35 26.35 26.35 26.35 26.35 26.39 26.39 26.37 26.37 26.37 26.27 26.27 26.33 26.33 26.25 26.22 26.15 26.13 26.13 26.07 26.07 26.13 26.14 26.17 26.33 26.33 26.45 26.45 26.49 26.51 26.55 26.65 26.65 26.69 26.69 26.75 26.74 26.73 26.77 
26.77 26.79 26.60 26.23 26.35 26.35 26.39 26.39 26.43 26.43 26.43 26.37 26.37 26.29 26.29 26.29 26.26 26.19 26.27 26.27 26.31 26.31 26.15 26.11 26.09 26.15 26.15 26.19 26.19 26.29 26.36 26.39 26.43 26.43 26.51 26.51 26.55 26.63 26.67 26.77 26.77 26.77 26.77 26.83 26.87 
26.89 26.87 26.87 26.31 26.34 26.35 26.41 26.41 26.41 26.41 26.37 26.36 26.35 26.25 26.25 26.35 26.35 26.29 26.32 26.33 26.23 26.23 26.09 26.09 26.09 26.11 26.11 26.11 26.11 26.23 26.28 26.39 26.43 26.43 26.51 26.51 26.63 26.65 26.69 26.67 26.67 26.75 26.75 26.73 26.76 
26.83 26.79 26.79 26.37 26.40 26.45 26.39 26.39 26.47 26.47 26.39 26.38 26.37 26.35 26.35 26.35 26.35 26.25 26.27 26.31 26.17 26.17 26.15 26.15 26.09 26.08 26.07 26.17 26.17 26.31 26.31 26.31 26.39 26.43 26.55 26.55 26.61 26.61 26.63 26.71 26.75 26.67 26.67 26.75 26.75 
26.87 26.75 26.75 26.33 26.33 26.45 26.46 26.47 26.41 26.41 26.41 26.41 26.37 26.34 26.33 26.37 26.37 26.33 26.33 26.29 26.26 26.25 26.23 26.23 26.15 26.15 26.19 26.23 26.25 26.27 26.27 26.39 26.39 26.47 26.52 26.55 26.57 26.57 26.69 26.70 26.73 26.81 26.81 26.81 26.81 
26.85 26.75 26.75 26.37 26.37 26.33 26.37 26.45 26.51 26.51 26.37 26.37 26.43 26.40 26.35 26.37 26.37 26.35 26.35 26.33 26.32 26.29 26.15 26.15 26.15 26.15 26.13 26.17 26.25 26.27 26.27 26.37 26.37 26.45 26.48 26.55 26.57 26.57 26.65 26.65 26.69 26.70 26.71 26.77 26.77 
26.91 26.78 26.51 26.39 26.39 26.35 26.35 26.37 26.37 26.37 26.37 26.37 26.39 26.39 26.35 26.28 26.25 26.27 26.27 26.31 26.31 26.29 26.18 26.13 26.01 26.01 26.09 26.09 26.03 26.10 26.13 26.31 26.31 26.39 26.40 26.41 26.47 26.47 26.57 26.57 26.67 26.68 26.71 26.79 26.79 
26.79 26.70 26.51 26.31 26.31 26.25 26.25 26.23 26.24 26.27 26.27 26.27 26.35 26.35 26.29 26.30 26.31 26.27 26.27 26.29 26.29 26.19 26.10 26.05 26.05 26.05 26.05 26.05 25.99 26.00 26.01 26.13 26.13 26.29 26.32 26.39 26.37 26.37 26.47 26.47 26.55 26.56 26.57 26.69 26.69 
26.75 26.65 26.45 26.21 26.21 26.27 26.27 26.31 26.32 26.33 26.23 26.23 26.27 26.27 26.31 26.30 26.29 26.35 26.35 26.23 26.23 26.15 26.07 26.03 25.99 25.99 26.05 26.05 26.05 26.12 26.15 26.25 26.25 26.39 26.38 26.37 26.43 26.43 26.55 26.55 26.67 26.70 26.75 26.79 26.79 
26.79 26.67 26.43 26.31 26.31 26.31 26.31 26.29 26.28 26.27 26.33 26.33 26.29 26.29 26.31 26.28 26.27 26.27 26.27 26.25 26.25 26.17 26.12 26.09 25.99 25.99 26.01 26.01 25.95 26.00 26.03 26.15 26.15 26.15 26.17 26.21 26.27 26.27 26.39 26.39 26.43 26.48 26.59 26.71 26.71 
26.71 26.62 26.43 26.23 26.23 26.27 26.27 26.29 26.28 26.27 26.29 26.29 26.25 26.25 26.31 26.28 26.27 26.27 26.27 26.19 26.16 26.11 26.01 26.01 25.97 25.97 25.95 25.96 25.99 26.01 26.01 26.07 26.07 26.17 26.20 26.25 26.27 26.27 26.39 26.39 26.47 26.46 26.45 26.53 26.53 
26.67 26.54 26.47 26.27 26.27 26.17 26.17 26.23 26.26 26.27 26.23 26.23 26.27 26.27 26.27 26.23 26.23 26.23 26.23 26.17 26.16 26.13 26.09 26.09 26.07 26.07 25.95 25.96 25.97 25.91 25.91 26.07 26.07 26.23 26.23 26.23 26.31 26.31 26.39 26.39 26.43 26.51 26.55 26.65 26.65 
26.67 26.51 26.43 26.15 26.15 26.29 26.28 26.27 26.31 26.31 26.19 26.19 26.23 26.23 26.23 26.21 26.21 26.21 26.21 26.23 26.21 26.17 26.07 26.07 26.03 26.03 26.03 25.96 25.93 26.05 26.05 26.15 26.15 26.17 26.25 26.29 26.35 26.35 26.39 26.45 26.57 26.59 26.59 26.61 26.61 
26.77 26.53 26.53 26.15 26.15 26.17 26.20 26.25 26.23 26.23 26.19 26.19 26.17 26.17 26.17 26.25 26.25 26.17 26.17 26.13 26.09 26.07 26.11 26.11 25.97 25.97 25.93 25.96 25.97 26.03 26.03 26.07 26.12 26.21 26.27 26.27 26.39 26.39 26.47 26.46 26.43 26.55 26.55 26.63 26.63 
26.75 26.43 26.43 26.19 26.19 26.15 26.14 26.13 26.15 26.15 26.17 26.17 26.09 26.10 26.11 26.15 26.15 26.15 26.15 26.15 26.15 26.15 26.05 26.05 26.01 25.98 25.93 25.87 25.87 25.97 25.97 26.11 26.15 26.23 26.31 26.31 26.43 26.43 26.49 26.53 26.61 26.69 26.69 26.73 26.73 
26.83 26.69 26.69 26.13 26.13 26.19 26.18 26.17 26.17 26.17 26.23 26.23 26.11 26.14 26.15 26.15 26.15 26.15 26.14 26.13 26.13 26.13 26.07 26.07 26.03 25.98 25.87 25.87 25.87 25.97 25.97 26.09 26.13 26.15 26.25 26.25 26.31 26.31 26.51 26.62 26.67 26.69 26.69 26.67 26.67 
26.71 26.67 26.67 26.01 26.01 25.99 25.98 25.97 25.99 25.99 26.07 26.05 26.01 25.97 25.97 26.05 26.05 25.99 25.99 25.99 25.97 25.97 25.85 25.85 25.83 25.79 25.77 25.77 25.77 25.77 25.77 25.97 26.12 26.19 26.25 26.25 26.23 26.23 26.33 26.49 26.57 26.73 26.73 26.77 26.77 
26.77 26.67 26.67 25.93 25.92 25.91 25.99 25.99 26.01 26.01 25.95 25.93 25.89 25.85 25.85 25.83 25.83 25.91 25.94 25.95 25.97 25.97 25.91 25.91 25.69 25.69 25.69 25.65 25.65 25.79 25.79 25.93 26.06 26.13 26.25 26.25 26.37 26.38 26.41 26.49 26.49 26.61 26.61 26.71 26.75 
26.83 26.69 26.69 24.03 24.07 24.15 24.21 24.21 24.11 24.11 24.13 24.13 24.13 24.25 24.25 24.33 24.33 24.25 24.05 23.95 23.61 23.61 23.45 23.45 23.31 23.38 23.41 23.65 23.65 24.35 24.59 25.07 25.67 25.67 25.95 25.95 26.25 26.28 26.35 26.51 26.51 26.69 26.69 26.63 26.67 
26.75 26.61 26.61 23.47 23.58 23.79 23.93 23.93 23.99 23.99 23.99 23.98 23.97 24.05 24.05 24.11 24.11 24.03 23.95 23.91 23.61 23.61 23.33 23.33 23.25 23.24 23.23 23.41 23.41 23.81 24.08 24.61 25.67 25.67 26.07 26.07 26.23 26.27 26.35 26.47 26.47 26.53 26.53 26.63 26.65 
26.69 26.63 26.63 20.35 19.94 19.73 19.69 19.69 19.73 19.73 19.69 19.73 19.75 19.79 19.79 19.85 19.85 19.63 19.40 19.29 18.89 18.89 18.71 18.71 18.59 18.63 18.65 19.11 19.11 20.01 20.01 22.01 23.22 23.83 25.09 25.09 25.95 25.95 26.25 26.34 26.39 26.55 26.55 26.53 26.54 
26.57 26.57 26.57 19.77 19.76 19.73 19.71 19.71 19.73 19.73 19.81 19.78 19.73 19.89 19.89 19.91 19.91 19.71 19.58 19.31 18.95 18.95 18.67 18.67 18.73 18.77 18.85 19.15 19.15 19.87 19.87 21.57 22.34 23.89 25.31 25.31 25.99 25.99 26.27 26.31 26.33 26.47 26.47 26.53 26.53 
26.65 26.39 26.39 17.05 17.05 15.79 15.66 15.59 15.53 15.53 15.55 15.55 15.55 15.55 15.55 15.53 15.53 15.37 15.37 15.01 14.82 14.73 14.57 14.57 14.45 14.45 14.51 14.64 14.71 15.47 15.47 17.91 18.67 20.19 22.19 22.19 23.47 23.47 24.27 24.47 24.87 25.59 25.59 25.91 25.91 
26.31 24.79 24.79 16.61 16.61 15.07 14.96 14.75 14.73 14.73 14.67 14.67 14.67 14.64 14.59 14.59 14.59 14.57 14.57 14.63 14.58 14.49 14.35 14.35 14.27 14.27 14.37 14.45 14.49 14.67 14.67 15.77 15.77 17.81 19.14 19.81 21.13 21.13 21.57 21.57 22.67 23.60 24.07 25.39 25.39 
26.47 24.31 23.23 16.29 16.29 15.01 15.01 14.81 14.78 14.77 14.81 14.81 14.65 14.65 14.63 14.64 14.65 14.57 14.57 14.67 14.67 14.47 14.40 14.37 14.33 14.33 14.33 14.33 14.43 14.54 14.59 15.49 15.49 17.47 18.26 19.83 20.83 20.83 21.47 21.47 22.25 22.86 24.07 25.37 25.37 
26.45 24.74 21.31 15.87 15.87 14.91 14.91 14.71 14.70 14.69 14.69 14.69 14.67 14.67 14.63 14.62 14.59 14.53 14.53 14.55 14.55 14.45 14.42 14.35 14.41 14.41 14.53 14.53 14.63 14.68 14.79 15.71 15.71 17.37 17.37 19.03 19.47 20.35 20.91 20.91 22.15 22.15 23.53 24.29 24.67 
26.21 26.21 21.55 17.86 16.01 14.97 14.97 14.65 14.65 14.67 14.67 14.67 14.65 14.65 14.65 14.65 14.65 14.58 14.55 14.55 14.55 14.53 14.53 14.45 14.54 14.59 14.51 14.51 14.59 14.59 14.83 15.34 15.59 17.61 17.61 19.63 19.63 20.55 20.78 20.89 21.99 21.99 23.97 24.56 25.73 
26.39 26.39 22.11 20.39 16.95 16.69 16.69 16.71 16.71 16.59 16.57 16.53 16.53 16.53 16.27 16.27 16.01 15.89 15.65 15.33 15.33 15.19 15.19 15.23 15.28 15.39 15.51 15.51 15.87 15.87 17.19 17.94 19.45 21.63 21.63 23.37 23.37 24.07 24.36 24.51 24.93 24.93 25.43 25.43 26.05 
26.47 26.47 21.43 21.43 17.55 17.16 16.97 16.85 16.85 16.71 16.71 16.77 16.68 16.63 16.35 16.35 16.09 16.09 15.71 15.56 15.49 15.33 15.33 15.19 15.19 15.41 15.44 15.45 15.89 15.89 16.91 16.91 19.37 21.30 22.27 23.83 23.83 24.35 24.45 24.65 24.97 24.97 25.69 25.69 26.35 
26.61 26.61 23.45 23.45 21.83 21.77 21.65 21.55 21.55 21.55 21.55 21.53 21.50 21.45 21.31 21.31 20.93 20.93 20.65 20.55 20.35 20.21 20.21 20.13 20.13 20.39 20.48 20.53 21.09 21.09 22.27 22.27 24.23 24.98 25.35 26.09 26.09 26.23 26.23 26.35 26.44 26.49 26.59 26.59 26.61 
26.66 26.69 24.71 24.71 22.13 22.01 21.77 21.71 21.71 21.71 21.71 21.63 21.62 21.59 21.29 21.29 21.03 21.03 20.79 20.71 20.55 20.43 20.43 20.35 20.35 20.43 20.48 20.59 21.03 21.03 21.97 21.97 24.29 24.72 25.59 26.13 26.13 26.25 26.25 26.31 26.39 26.43 26.49 26.49 26.61 
26.64 26.65 24.55 24.55 24.93 24.93 24.97 24.98 24.99 24.85 24.85 24.81 24.81 24.83 24.80 24.79 24.71 24.71 24.59 24.55 24.47 24.33 24.33 24.23 24.23 24.41 24.46 24.55 24.87 24.87 25.43 25.43 26.11 26.28 26.37 26.39 26.39 26.45 26.45 26.43 26.47 26.49 26.57 26.57 26.63 
26.63 26.63 26.35 26.35 25.95 25.88 25.73 25.69 25.69 25.63 25.63 25.59 25.60 25.61 25.65 25.65 25.67 25.67 25.85 25.92 26.07 26.15 26.15 26.13 26.13 26.19 26.23 26.25 26.39 26.39 26.47 26.47 26.63 26.68 26.71 26.61 26.61 26.49 26.49 26.55 26.59 26.61 26.69 26.69 26.67 
26.67 26.67 26.39 26.39 25.91 25.86 25.75 25.71 25.71 25.69 25.69 25.67 25.66 25.63 25.71 25.71 25.89 25.89 25.99 26.04 26.13 26.25 26.25 26.27 26.27 26.31 26.30 26.29 26.35 26.35 26.59 26.59 26.77 26.70 26.67 26.65 26.65 26.69 26.67 26.63 26.69 26.69 26.75 26.75 26.73 
26.77 26.77 26.59 26.59 26.21 26.13 25.97 25.97 25.97 25.91 25.91 25.93 25.93 25.93 25.89 25.89 26.05 26.05 26.07 26.16 26.21 26.37 26.37 26.35 26.35 26.35 26.39 26.41 26.49 26.49 26.59 26.63 26.71 26.71 26.71 26.75 26.75 26.67 26.64 26.59 26.69 26.69 26.71 26.71 26.71 
26.75 26.75 26.61 26.61 26.25 26.22 26.15 26.13 26.13 26.09 26.09 26.11 26.10 26.09 26.09 26.09 26.09 26.09 26.19 26.26 26.29 26.43 26.43 26.49 26.49 26.47 26.46 26.45 26.53 26.53 26.61 26.61 26.63 26.59 26.57 26.59 26.59 26.61 26.64 26.69 26.71 26.71 26.63 26.63 26.69 
26.71 26.71 26.55 26.55 26.23 26.18 26.09 26.09 26.09 26.11 26.11 26.03 26.04 26.07 26.13 26.13 26.17 26.17 26.21 26.28 26.31 26.41 26.41 26.45 26.45 26.49 26.53 26.55 26.55 26.55 26.63 26.63 26.65 26.61 26.59 26.61 26.61 26.61 26.61 26.59 26.60 26.61 26.69 26.69 26.71 
26.72 26.73 26.65 26.65 26.43 26.37 26.25 26.23 26.23 26.19 26.19 26.13 26.13 26.13 26.13 26.13 26.25 26.25 26.37 26.43 26.55 26.51 26.51 26.51 26.51 26.57 26.60 26.65 26.65 26.65 26.67 26.67 26.63 26.67 26.69 26.59 26.59 26.61 26.61 26.65 26.73 26.77 26.67 26.67 26.79 
26.76 26.75 26.65 26.65 26.35 26.35 26.23 26.22 26.21 26.25 26.25 26.21 26.21 26.23 26.18 26.15 26.25 26.25 26.31 26.34 26.41 26.55 26.55 26.61 26.61 26.61 26.58 26.53 26.61 26.61 26.63 26.63 26.67 26.66 26.65 26.65 26.65 26.67 26.67 26.69 26.68 26.67 26.71 26.71 26.71 
26.72 26.75 26.67 26.67 26.35 26.35 26.21 26.25 26.27 26.27 26.27 26.17 26.17 26.15 26.19 26.21 26.23 26.23 26.31 26.31 26.43 26.50 26.53 26.61 26.61 26.59 26.59 26.57 26.60 26.61 26.71 26.71 26.71 26.71 26.65 26.66 26.67 26.63 26.63 26.77 26.77 26.73 26.73 26.73 26.69 
26.69 26.75 26.74 26.73 26.41 26.41 26.29 26.27 26.23 26.20 26.19 26.21 26.21 26.29 26.29 26.29 26.29 26.29 26.35 26.35 26.45 26.51 26.63 26.67 26.67 26.63 26.63 26.67 26.68 26.71 26.75 26.75 26.77 26.77 26.69 26.66 26.65 26.69 26.69 26.73 26.73 26.79 26.76 26.75 26.71 
26.71 26.71 26.72 26.73 26.37 26.37 26.31 26.31 26.23 26.26 26.27 26.31 26.31 26.25 26.25 26.23 26.32 26.37 26.49 26.49 26.51 26.54 26.61 26.75 26.75 26.79 26.79 26.77 26.76 26.75 26.83 26.83 26.83 26.83 26.83 26.82 26.79 26.79 26.79 26.77 26.77 26.79 26.82 26.89 26.87 
26.87 26.83 26.82 26.79 26.45 26.45 26.37 26.37 26.39 26.36 26.31 26.25 26.25 26.31 26.31 26.31 26.31 26.31 26.39 26.39 26.49 26.49 26.59 26.68 26.73 26.79 26.79 26.75 26.75 26.77 26.84 26.87 26.81 26.81 26.89 26.89 26.85 26.82 26.81 26.79 26.79 26.83 26.83 26.81 26.84 
26.85 26.87 26.87 26.75 26.55 26.45 26.35 26.35 26.41 26.41 26.45 26.40 26.37 26.29 26.29 26.39 26.39 26.37 26.41 26.43 26.61 26.61 26.75 26.77 26.81 26.83 26.83 26.85 26.85 26.91 26.91 26.91 26.91 26.91 26.87 26.87 26.91 26.88 26.83 26.87 26.87 26.73 26.73 26.43 26.50 
26.65 26.67 26.67 26.63 26.56 26.43 26.37 26.37 26.35 26.35 26.29 26.32 26.39 26.35 26.35 26.35 26.35 26.35 26.44 26.49 26.59 26.59 26.59 26.59 26.69 26.66 26.65 26.71 26.71 26.79 26.79 26.85 26.84 26.83 26.75 26.75 26.81 26.81 26.79 26.79 26.79 26.77 26.77 26.75 26.74 
26.73 26.81 26.81 26.73 26.64 26.47 26.49 26.49 26.47 26.47 26.43 26.42 26.41 26.35 26.35 26.39 26.39 26.37 26.38 26.41 26.57 26.57 26.65 26.65 26.77 26.80 26.85 26.79 26.79 26.77 26.77 26.91 26.91 26.91 26.91 26.91 26.79 26.79 26.81 26.81 26.81 26.77 26.77 26.75 26.75 
26.67 26.67 26.67 26.65 26.65 26.53 26.46 26.43 26.51 26.51 26.45 26.45 26.41 26.44 26.45 26.43 26.43 26.41 26.42 26.45 26.48 26.49 26.61 26.61 26.71 26.72 26.75 26.77 26.77 26.81 26.81 26.85 26.84 26.81 26.75 26.75 26.71 26.71 26.77 26.78 26.79 26.83 26.83 26.81 26.81 
26.63 26.75 26.75 26.65 26.65 26.47 26.48 26.49 26.43 26.43 26.47 26.47 26.41 26.38 26.37 26.31 26.31 26.35 26.35 26.45 26.50 26.53 26.63 26.63 26.71 26.71 26.65 26.68 26.69 26.73 26.73 26.83 26.84 26.87 26.85 26.85 26.79 26.79 26.73 26.72 26.69 26.75 26.75 26.77 26.77 
26.77 26.73 26.73 26.65 26.65 26.57 26.52 26.49 26.45 26.45 26.47 26.47 26.43 26.47 26.49 26.49 26.49 26.39 26.39 26.45 26.44 26.43 26.51 26.51 26.75 26.75 26.79 26.72 26.69 26.77 26.77 26.77 26.77 26.77 26.79 26.79 26.77 26.77 26.75 26.74 26.71 26.71 26.71 26.67 26.67 
26.79 26.67 26.67 26.61 26.61 26.57 26.54 26.53 26.51 26.51 26.51 26.51 26.51 26.48 26.47 26.51 26.51 26.39 26.39 26.47 26.48 26.49 26.63 26.63 26.69 26.69 26.73 26.70 26.69 26.71 26.71 26.77 26.77 26.77 26.70 26.67 26.67 26.67 26.73 26.75 26.79 26.75 26.75 26.81 26.81 
26.77 26.73 26.73 26.61 26.61 26.47 26.48 26.51 26.51 26.51 26.49 26.49 26.51 26.51 26.51 26.47 26.47 26.45 26.45 26.49 26.45 26.43 26.51 26.51 26.69 26.69 26.71 26.74 26.75 26.67 26.67 26.69 26.68 26.67 26.73 26.73 26.71 26.71 26.65 26.66 26.69 26.71 26.71 26.77 26.77 
26.77 26.65 26.65 26.59 26.59 26.53 26.54 26.57 26.69 26.69 26.65 26.65 26.55 26.51 26.49 26.57 26.57 26.55 26.55 26.53 26.56 26.57 26.63 26.63 26.65 26.65 26.67 26.66 26.65 26.59 26.59 26.59 26.59 26.59 26.59 26.59 26.59 26.59 26.63 26.65 26.69 26.73 26.73 26.69 26.69 
26.73 26.57 26.57 26.55 26.55 26.53 26.56 26.63 26.51 26.51 26.55 26.55 26.51 26.55 26.57 26.45 26.45 26.43 26.43 26.49 26.48 26.47 26.55 26.55 26.63 26.63 26.65 26.66 26.67 26.67 26.67 26.45 26.50 26.59 26.61 26.61 26.59 26.59 26.39 26.45 26.57 26.65 26.65 26.75 26.75 
26.77 26.67 26.67 26.67 26.67 26.65 26.66 26.67 26.65 26.65 26.67 26.67 26.67 26.62 26.59 26.59 26.59 26.49 26.49 26.51 26.50 26.49 26.57 26.57 26.61 26.61 26.61 26.56 26.53 26.53 26.53 26.55 26.55 26.57 26.53 26.53 26.57 26.57 26.59 26.59 26.59 26.61 26.61 26.73 26.73 
